SENSOR-1,22.143269191844524,74.08320926634005,1777902959666
SENSOR-1,30.731572102795063,42.12221137337996,1777902960675
SENSOR-1,27.12869339949577,40.852552092061146,1777902961679
SENSOR-1,30.84588627025316,71.20786679173733,1777902962685
SENSOR-1,18.40854858845168,53.27608818643321,1777902963688
SENSOR-1,30.83745014113543,77.72499611929716,1777902964694
SENSOR-1,23.626602165598555,48.0869065709039,1777902965696
SENSOR-1,33.390064571661576,72.21754236391747,1777902966701
SENSOR-1,25.99214358432274,43.989674066435704,1777902967707
SENSOR-1,29.37273513807419,73.85426096020258,1777902968712
SENSOR-1,29.201513063201773,40.90224294838126,1777902969718
SENSOR-1,21.02330839290388,66.71531573802363,1777902970722
SENSOR-1,33.086881252124286,55.45552233168533,1777902971724
SENSOR-1,29.287403486537,63.7879727701204,1777902972727
SENSOR-1,31.618870347139342,62.45989146669195,1777902973736
SENSOR-1,21.558360721088192,68.39914627747777,1777902974750
SENSOR-1,25.53413215063149,47.3979543990949,1777902975759
SENSOR-1,22.020969678159545,73.78917222679965,1777902976770
SENSOR-1,18.12853434411602,51.60500941506116,1777902977777
SENSOR-1,18.383768911297295,53.7576892330029,1777902978780
SENSOR-1,34.651133713562594,49.650189842888736,1777902979786
SENSOR-1,15.991731288182944,50.78911818678144,1777902980791
SENSOR-1,33.25364944086957,57.53275657039117,1777902981792
SENSOR-1,33.14319668937327,42.791766292500384,1777902982796
SENSOR-1,18.5946825052756,70.65962951763237,1777902983802
SENSOR-1,19.89192582497246,65.5611487896119,1777902984806
SENSOR-1,27.96744859231934,72.17176004001055,1777902985807
SENSOR-1,16.69720230797084,45.30469035492964,1777902986807
SENSOR-1,34.214337746253534,75.03855658164139,1777902987812
SENSOR-1,28.99191541615134,74.04152552648172,1777902988818
SENSOR-1,19.711129786334787,45.441104827721915,1777902989823
SENSOR-1,19.070615405412884,40.41768252577038,1777902990825
SENSOR-1,21.348244313139936,40.31649151845151,1777902991830
SENSOR-1,27.656535345403412,49.453493278983544,1777902992836
SENSOR-1,27.705913452196565,58.53712176009954,1777902993837
SENSOR-1,34.0886347605748,46.966640342285096,1777902994838
SENSOR-1,26.51471299689093,73.05045945676272,1777902995841
SENSOR-1,26.27672196490134,67.89081332454815,1777902996847
SENSOR-1,33.01241937862748,40.406196875284785,1777902997852
SENSOR-1,19.40477040362298,72.43650029255681,1777902998858
SENSOR-1,17.95267263130482,54.44941870153791,1777902999863
SENSOR-1,15.819550483984548,60.0170216857602,1777903000868
SENSOR-1,17.790483304336767,62.559879573671935,1777903001875
SENSOR-1,17.623756299147534,58.089451550357296,1777903002881
SENSOR-1,28.964129640321463,55.669100133995244,1777903003887
SENSOR-1,28.199806056659156,71.53665879325516,1777903004889
SENSOR-1,23.212535206666267,57.388515122848275,1777903005893
SENSOR-1,29.22256138285126,67.9432436917974,1777903006897
SENSOR-1,31.511749169317408,52.93350311491968,1777903007898
SENSOR-1,15.676211068951716,45.094720157189215,1777903008904
SENSOR-1,30.48366794494359,55.1296671932756,1777903009909
SENSOR-1,32.97261667467313,59.25584620988455,1777903010926
SENSOR-1,27.024692901754346,42.63930440356666,1777903011933
SENSOR-1,27.475438456188392,66.2605826596573,1777903012955
SENSOR-1,34.42152260546777,44.64757717672566,1777903013963
SENSOR-1,34.56639325305406,62.17270169886925,1777903014968
SENSOR-1,26.365832047743503,66.59942900483888,1777903015970
SENSOR-1,26.84703171605726,66.25265169270264,1777903016974
SENSOR-1,24.04910951897767,53.17990361221497,1777903017975
SENSOR-1,29.151446280025873,46.192828438343085,1777903018980
SENSOR-1,15.913458535943008,67.58202306573195,1777903019983
SENSOR-1,16.752358020258207,64.05998107208399,1777903020989
SENSOR-1,29.653697705027916,50.20800128645023,1777903021992
SENSOR-1,28.475058818749808,41.11002289164369,1777903022997
SENSOR-1,31.710631521802377,65.30109770128585,1777903023997
SENSOR-1,27.390719709958102,40.61711542179217,1777903025000
SENSOR-1,20.76489007499496,50.60698482364572,1777903026006
SENSOR-1,28.342602570336556,50.08540503353035,1777903027007
SENSOR-1,28.63526659735179,73.01507820859675,1777903028012
SENSOR-1,23.765749534774514,67.68840785355198,1777903029018
SENSOR-1,24.505016105056654,42.23182292067905,1777903030021
SENSOR-1,17.092748526516132,62.5075632801736,1777903031025
SENSOR-1,16.544108838863988,64.88950698552344,1777903032027
SENSOR-1,16.495213281377787,44.11805399362746,1777903033029
SENSOR-1,18.76496184406551,53.09572383767739,1777903034035
SENSOR-1,30.792642131792032,44.296552367235115,1777903035038
SENSOR-1,20.343704677178525,74.28017186554622,1777903036043
SENSOR-1,24.06734619451614,42.102109784304474,1777903037045
SENSOR-1,19.658565838414994,43.297053233605574,1777903038051
SENSOR-1,25.856182657170663,73.30797978943261,1777903039056
SENSOR-1,25.941500464982788,73.09287570088108,1777903040062
SENSOR-1,19.746847283588377,76.13871474085929,1777903041068
SENSOR-1,27.708703372016554,76.851037506368,1777903042071
SENSOR-1,24.78851556764753,77.4934451742251,1777903043077
SENSOR-1,19.03019479578016,52.37613470053742,1777903044083
SENSOR-1,21.33365717251081,77.31280865498923,1777903045088
SENSOR-1,22.218185666335742,78.58249998548317,1777903046093
SENSOR-1,15.759873562227716,43.47357744173327,1777903047098
SENSOR-1,28.658466637386763,54.303022249492486,1777903048104
SENSOR-1,26.977642840945002,65.57155359074804,1777903049105
SENSOR-1,18.27859926982573,51.23588820323746,1777903050111
SENSOR-1,31.711889522788436,53.179918328299486,1777903051117
SENSOR-1,32.54120558962915,75.69843051648596,1777903052122
SENSOR-1,25.2523195339928,42.646736348963245,1777903053128
SENSOR-1,25.870207960369854,77.95882856551812,1777903054133
SENSOR-1,19.699504384574208,76.22190457638277,1777903055135
SENSOR-1,26.062368564258563,53.2679901204425,1777903056141
SENSOR-1,32.690723502670544,58.280395134662875,1777903057147
SENSOR-1,15.506046711408263,45.31547290671935,1777903058153
SENSOR-1,16.171594207713778,55.635194685984146,1777903059155
SENSOR-1,21.923589345765752,70.68490257965573,1777903060160
SENSOR-1,16.986576432093365,72.40991311895792,1777903061165
SENSOR-1,19.873327214139643,71.98587652817707,1777903062170
SENSOR-1,28.89344318783948,74.66759759669263,1777903063172
SENSOR-1,32.39166428803064,57.690926707810945,1777903064175
SENSOR-1,29.063852984507246,45.968840809324206,1777903065178
SENSOR-1,25.925285549554324,78.30766177371362,1777903066181
SENSOR-1,31.214191802581507,42.25884949357046,1777903067182
SENSOR-1,31.098041350548897,61.36778232365372,1777903068183
SENSOR-1,32.21788054218251,62.95968664147455,1777903069184
SENSOR-1,16.87659254577118,61.81621836465332,1777903070189
SENSOR-1,19.38237267591463,64.87047971469042,1777903071195
SENSOR-1,16.343434984111745,59.73520856407943,1777903072196
SENSOR-1,21.531102395850645,56.45493025618457,1777903073202
SENSOR-1,28.55545458321386,53.93968769335628,1777903074206
SENSOR-1,28.61267542707028,42.32203668947164,1777903075211
SENSOR-1,22.86069183450674,57.83193688919574,1777903076217
SENSOR-1,31.766619307595146,41.18251188135431,1777903077222
SENSOR-1,29.565527320249707,63.004981403561715,1777903078228
SENSOR-1,28.607050850817487,75.2899032627208,1777903079228
SENSOR-1,33.98903498952232,56.43581934738854,1777903080234
SENSOR-1,16.94264024684335,45.35204185185623,1777903081238
SENSOR-1,19.710771144908364,78.7110877150757,1777903082241
SENSOR-1,24.23328958634947,42.12495773038717,1777903083247
SENSOR-1,31.21281188683553,53.57937308301273,1777903084253
SENSOR-1,29.79096929831054,64.37798398547505,1777903085257
SENSOR-1,26.13637008024515,63.22590896656045,1777903086263
SENSOR-1,32.06419471128764,72.64534481065586,1777903087269
SENSOR-1,23.017865114403804,49.016977184390285,1777903088275
SENSOR-1,34.30264598048666,49.15605952969894,1777903089276
SENSOR-1,21.638838925652774,64.0628894964016,1777903090281
SENSOR-1,28.48047581844768,56.560579199762955,1777903091286
SENSOR-1,20.018656436346568,71.79998851717816,1777903092290
SENSOR-1,29.563873275085765,71.54912509964433,1777903093295
SENSOR-1,34.598445577092946,73.89367346110836,1777903094300
SENSOR-1,30.040488333216153,54.18325636697019,1777903095306
SENSOR-1,28.30927147157624,61.11600995857939,1777903096311
SENSOR-1,28.08535075506036,59.7387746001293,1777903097315
SENSOR-1,24.987074947679076,72.4530526052928,1777903098321
SENSOR-1,31.819944586101048,47.08460843726708,1777903099325
SENSOR-1,17.991421202061385,40.548573803158135,1777903100326
SENSOR-1,16.82814219421736,66.09891229369015,1777903101332
SENSOR-1,25.90465442803594,55.69244447675287,1777903102337
SENSOR-1,34.42471786510731,76.3501550803104,1777903103339
SENSOR-1,28.832572357341334,75.91348359049837,1777903104345
SENSOR-1,34.129202645630116,40.24754730557932,1777903105350
SENSOR-1,15.09726924501841,67.33815901454273,1777903106353
SENSOR-1,15.379871475930385,66.09171020195758,1777903107356
SENSOR-1,20.007331643860287,76.82806550256116,1777903108361
SENSOR-1,20.72968438810534,49.93306477416618,1777903109364
SENSOR-1,25.910094661760915,58.01069906994985,1777903110379
SENSOR-1,25.59802911723566,79.8719726012081,1777903111419
SENSOR-1,15.875204391846093,72.16957883946807,1777903112434
SENSOR-1,28.10915671167716,62.411214699059194,1777903113438
SENSOR-1,32.12826339386173,47.06134772186776,1777903114440
SENSOR-1,16.63021845000521,47.697980164372936,1777903115446
SENSOR-1,24.74785571754549,79.57904357609974,1777903116449
SENSOR-1,32.3288549180738,48.96907637757971,1777903117459
SENSOR-1,26.158802486242692,72.28228884055332,1777903118462
SENSOR-1,29.402311171765447,51.239648308705355,1777903119467
SENSOR-1,32.59899998894748,59.16671752091328,1777903120469
SENSOR-1,26.58708978183878,65.25224633644022,1777903121473
SENSOR-1,15.006755790314394,62.6465116750951,1777903122475
SENSOR-1,20.140180298806282,64.92966420068606,1777903123480
SENSOR-1,18.670039689260875,51.57549091413415,1777903124480
SENSOR-1,30.68993746741196,50.051497218444425,1777903125485
SENSOR-1,23.49862196465056,59.23375396520863,1777903126491
SENSOR-1,24.186707056913654,60.60097623665915,1777903127507
SENSOR-1,24.924584383660783,50.5584396293995,1777903128514
SENSOR-1,20.640340700817692,55.20515702117801,1777903129521
SENSOR-1,19.206233824556445,59.49872988233675,1777903130530
SENSOR-1,23.4137555505286,73.31812974740947,1777903131534
SENSOR-1,16.3049695424657,50.226789020777765,1777903132539
SENSOR-1,29.936255773332057,67.44536407205325,1777904334902
SENSOR-1,28.90263017514978,76.50249861358196,1777904335931
SENSOR-1,18.17376991338705,60.89539047841403,1777904336985
SENSOR-1,15.822478864650096,75.20896600539737,1777904337991
SENSOR-1,29.484012815199726,75.03233910664883,1777904339006
SENSOR-1,23.45340566781991,72.20156337567866,1777904340012
SENSOR-1,20.083222076106463,75.04679483774032,1777904341018
SENSOR-1,16.434417687293575,71.46698115606478,1777904342024
SENSOR-1,15.480243547614984,63.46711572278778,1777904343030
SENSOR-1,28.04674093530557,71.49415745995248,1777904344035
SENSOR-1,18.3629183784455,62.09955603534492,1777904345037
SENSOR-1,19.17115162085941,55.36536181748417,1777904346040
SENSOR-1,28.708304554342714,47.008889254099415,1777904347046
SENSOR-1,23.71749958786831,77.604201287374,1777904348048
SENSOR-1,32.508945149554954,47.029031814870315,1777904349051
SENSOR-1,17.787767054479996,50.78960390230003,1777904350057
SENSOR-1,28.651925305796603,76.64475001935608,1777904351063
SENSOR-1,28.291054664234544,50.92136533566665,1777904352068
SENSOR-1,32.25699784862372,75.68704990565055,1777904353073
SENSOR-1,20.81090194107145,77.74941012343018,1777904354079
SENSOR-1,17.17457512625301,51.13646887316898,1777904355082
SENSOR-1,16.23239729970119,64.75550681445671,1777904356088
SENSOR-1,20.36392860356443,40.4299968158012,1777904357091
SENSOR-1,20.968545255146935,53.20270003376015,1777904358092
SENSOR-1,26.51646475098039,61.018952531350074,1777904359098
SENSOR-1,16.58240781998655,65.64432169586843,1777904360101
SENSOR-1,22.55847550364219,77.52669472821287,1777904361107
SENSOR-1,21.18355532568878,56.51097485328994,1777904362112
SENSOR-1,18.562293434760562,45.7066001492618,1777904363113
SENSOR-1,27.184402103574254,60.87047624968214,1777904364118
SENSOR-1,34.11431400006327,41.50231265541461,1777904365123
SENSOR-1,17.834024080183507,67.18227299515104,1777904366128
SENSOR-1,27.33287797975807,73.86383092746166,1777904367130
SENSOR-1,28.404095634103314,45.84445138677033,1777904368132
SENSOR-1,17.49854044467743,51.57455875433112,1777904369138
SENSOR-1,26.983612522290024,52.55797380859512,1777904370142
SENSOR-1,21.65377866752746,47.19601034866172,1777904371149
SENSOR-1,24.54609227409926,74.00937439074235,1777904372156
SENSOR-1,30.54872648168306,75.33841396399154,1777904373197
SENSOR-1,24.284982542094156,53.09970541792814,1777904374204
SENSOR-1,29.954057420033372,77.81704392624006,1777904375208
SENSOR-1,26.170036754332244,41.92405852651399,1777904376209
SENSOR-1,29.631658941848706,44.85564403244739,1777904377212
SENSOR-1,34.25944606008315,42.9325930158424,1777904378219
SENSOR-1,34.14828451557779,79.34988186355545,1777904379225
SENSOR-1,31.509547893875165,52.180523019570046,1777904380246
SENSOR-1,17.236894268385463,50.305353970259326,1777904381252
SENSOR-1,29.65596569350147,73.30110736442238,1777904382258
SENSOR-1,24.554922777010134,41.916176980235164,1777904383261
SENSOR-1,30.197061859392925,66.81223565033159,1777904384265
SENSOR-1,28.458255386017292,46.3518222948336,1777904385266
SENSOR-1,26.592620346629488,56.593762081228974,1777904386268
SENSOR-1,32.80421405177625,71.17135927224317,1777904387274
SENSOR-1,17.497705011933203,53.84932572146845,1777904388277
SENSOR-1,15.816389760582394,76.38587344052647,1777904389281
SENSOR-1,26.183669764634637,78.59290903292498,1777904390286
SENSOR-1,24.688693473915055,41.54136856782905,1777904391290
SENSOR-1,32.255330269109876,79.67702126547404,1777904392291
SENSOR-1,16.875518795886965,69.79603195728524,1777904393292
SENSOR-1,18.355339052128883,56.605875943498255,1777904394298
SENSOR-1,19.909453794361443,43.81729702325914,1777904395304
SENSOR-1,16.753831613566334,49.85355795232028,1777904396307
SENSOR-1,34.107499848341874,77.42571478658166,1777904397313
SENSOR-1,28.55344900044351,51.13370895059056,1777904398321
SENSOR-1,30.671288994954423,57.2641897749643,1777904399325
SENSOR-1,21.696869930551575,51.04381088230052,1777904400331
SENSOR-1,21.45633115511517,60.37271030380113,1777904401332
SENSOR-1,33.04601635399878,68.73375855454697,1777904402333
SENSOR-1,16.079837833381532,46.4002629425866,1777904403335
SENSOR-1,24.50913061694943,56.72490000213355,1777904404340
SENSOR-1,17.056217231040694,77.28718521665886,1777904405346
SENSOR-1,33.523950604837616,43.732366031252866,1777904406351
SENSOR-1,34.29385459730739,52.60276971618883,1777904407355
SENSOR-1,34.16224092918727,49.3200140709491,1777904408358
SENSOR-1,26.55632637112014,45.32448738031631,1777904409364
SENSOR-1,26.702972190758945,56.44389262767515,1777904410368
SENSOR-1,19.38573352637036,60.69679011338664,1777904411373
SENSOR-1,20.728468257422495,61.416714345040695,1777904412379
SENSOR-1,26.505360645079534,59.908972207723764,1777904413384
SENSOR-1,29.629873768736566,55.55235129338379,1777904414385
SENSOR-1,34.86340807081912,70.68317066931897,1777904415390
SENSOR-1,32.86532803849144,48.725957841611404,1777904416391
SENSOR-1,22.24906778564332,68.46512341807134,1777904417396
SENSOR-1,26.396255250512123,42.311884161040126,1777904418399
SENSOR-1,20.806753084600764,54.76187921440331,1777904419404
SENSOR-1,31.43422502821625,77.43808734330686,1777904420408
SENSOR-1,19.7938155059985,63.27220563664079,1777904421414
SENSOR-1,26.962852334897075,44.22233688645411,1777904422418
SENSOR-1,16.571615741032343,49.80701858616215,1777904423424
SENSOR-1,32.45625262224088,78.63205273968873,1777904424426
SENSOR-1,16.08935571096123,48.59869902533795,1777904425432
SENSOR-1,33.79758758454448,55.83618408805675,1777904426435
SENSOR-1,26.014592689042846,45.44974982692896,1777904427441
SENSOR-1,17.6082746910498,72.39410341686236,1777904428446
SENSOR-1,17.18390375667821,47.27277580894,1777904429448
SENSOR-1,17.030464526783607,54.353046565576825,1777904430451
SENSOR-1,17.191692202127854,57.9253773563934,1777904431452
SENSOR-1,15.46241595944515,54.30219691990211,1777904432458
SENSOR-1,18.704657392154576,61.8450548692456,1777904433465
SENSOR-1,23.82843665749875,47.65806198834862,1777904434470
SENSOR-1,33.48399123841175,69.84084160439963,1777904435472
SENSOR-1,21.672086141193887,66.93238654707662,1777904436478
SENSOR-1,28.11687770622013,75.49989635832512,1777904437483
SENSOR-1,32.693366910262085,42.460350031063236,1777904438486
SENSOR-1,18.103423928785343,46.01887665935203,1777904439490
SENSOR-1,31.307661623946522,69.0434322064476,1777904440496
SENSOR-1,33.21466312072488,67.87147935759272,1777904441501
SENSOR-1,28.386212002899413,70.1878238126236,1777904442506
SENSOR-1,18.931819309129395,45.57506977496863,1777904443511
SENSOR-1,21.544950958220376,65.09587722628851,1777904444517
SENSOR-1,26.296535624331817,70.92091648727073,1777904445522
SENSOR-1,18.18055154503529,58.294606795332655,1777904446525
SENSOR-1,25.646318704115718,60.38409012550316,1777904447530
SENSOR-1,27.909567498513894,47.76185660954554,1777904448535
SENSOR-1,18.4789665624077,60.030650579130565,1777904449538
SENSOR-1,15.148585738971933,64.6372834562398,1777904450539
SENSOR-1,16.084291323654426,60.0913215660133,1777904451541
SENSOR-1,22.28033619540321,76.08187018506732,1777904452542
SENSOR-1,23.60096758487903,45.47239059533593,1777904453548
SENSOR-1,19.182732137272954,42.57626404752433,1777904454578
SENSOR-1,33.80088071465319,53.82615933721551,1777904455585
SENSOR-1,25.854858929768753,61.92478167547762,1777904456595
SENSOR-1,16.172870640286916,59.40482505173883,1777904457601
SENSOR-1,31.455939775976557,74.45848251902083,1777904458606
SENSOR-1,23.772301076191937,68.77321351813102,1777904459611
SENSOR-1,15.280361364689423,47.407292929647994,1777904460616
SENSOR-1,26.928993509440623,42.39949010098792,1777904551460
SENSOR-2,18.705035031289388,57.6999314948747,1777904551460
SENSOR-1,15.003040342002055,73.28537156046042,1777904552472
SENSOR-2,16.314655237296098,56.24067176187444,1777904552472
SENSOR-2,18.843030411577125,53.71889125889733,1777904553478
SENSOR-1,32.23541834594393,78.2576599923454,1777904553478
SENSOR-1,17.774497453766248,72.88306467334505,1777904554483
SENSOR-2,23.69608447750585,47.37728409157905,1777904554483
SENSOR-2,19.12807052634362,47.384677804903276,1777904555489
SENSOR-1,30.913634334025488,65.80485855265056,1777904555489
SENSOR-1,19.34565638010806,65.98189137509898,1777904556492
SENSOR-2,15.690555545251438,62.32643658267619,1777904556494
SENSOR-1,15.259776940131252,43.87490452543527,1777904557499
SENSOR-2,19.334993217489863,77.11398798136867,1777904557499
SENSOR-2,27.389247215344195,67.75499968767934,1777904558501
SENSOR-1,18.099127549262278,47.444419856829285,1777904558503
SENSOR-2,15.7064149761048,63.26262187023008,1777904559533
SENSOR-1,25.615143535264195,54.134678781685174,1777904559532
SENSOR-1,18.211447109567807,69.62764527213476,1777904560542
SENSOR-2,23.012974210124124,78.70251124438289,1777904560548
SENSOR-1,26.26537909813539,51.22397508520754,1777904561550
SENSOR-2,20.710213072734163,52.98766667632519,1777904561554
SENSOR-1,24.76324024438324,67.03321676057001,1777904562553
SENSOR-2,33.51829705517329,56.666413729716126,1777904562555
SENSOR-1,25.611372721202855,61.147356535120274,1777904563559
SENSOR-2,20.36881278628662,42.86590686499531,1777904563561
SENSOR-1,34.62774791246948,59.66924104833299,1777904564560
SENSOR-2,34.3843981869809,51.135049622052904,1777904564566
SENSOR-1,29.528500177345123,73.53444518255972,1777904565562
SENSOR-2,25.730725229877798,59.6847333482259,1777904565567
SENSOR-1,27.064119551575473,62.79091627844681,1777904566566
SENSOR-2,18.246850992882063,75.08234169678212,1777904566568
SENSOR-1,24.506617531254427,65.29918516425755,1777904567572
SENSOR-2,28.277422788680777,56.579618342608335,1777904567574
SENSOR-1,23.43013598595742,43.22628103096775,1777904568578
SENSOR-2,16.82958120294973,59.820874963358776,1777904568578
SENSOR-1,15.463990461811326,76.39264054514489,1777904569584
SENSOR-2,20.406294643518386,64.70003245719516,1777904569584
SENSOR-2,34.53646754472129,75.74292768327587,1777904570586
SENSOR-1,21.542326004542854,66.28245032746388,1777904570590
SENSOR-2,31.603093360428783,49.84351674877914,1777904571591
SENSOR-1,32.05413538785684,72.75799136512254,1777904571596
SENSOR-2,32.09919581619539,72.86179896185382,1777904572597
SENSOR-1,16.949702915658694,52.26675323341637,1777904572601
SENSOR-2,18.51492693378858,59.005412784635126,1777904573603
SENSOR-1,26.83531679119286,77.26040944067691,1777904573607
SENSOR-1,20.750640891902783,67.94626951984787,1777904574608
SENSOR-2,22.83811567439961,48.698609387078974,1777904574608
SENSOR-2,32.857515172386755,63.54956314738517,1777904575610
SENSOR-1,18.848240375218634,46.27860272963749,1777904575614
SENSOR-2,16.37803145215932,70.94254233873471,1777904576616
SENSOR-1,31.570693073576432,55.808301678829174,1777904576627
SENSOR-2,34.9380785552747,53.7131346282637,1777904577632
SENSOR-1,26.948246068844494,57.808843653827516,1777904577632
SENSOR-2,25.07099869159627,48.44531962842446,1777904578640
SENSOR-1,17.932425393204362,72.77340162143214,1777904578640
SENSOR-2,22.547892353664864,53.41650015693642,1777904579644
SENSOR-1,28.664106630532576,76.34637978033598,1777904579644
SENSOR-2,16.91335254969332,76.49352492858048,1777904580646
SENSOR-1,16.48662546088255,70.051627095609,1777904580649
SENSOR-2,25.07618792219725,44.85694046373533,1777904581652
SENSOR-1,32.40629655825035,70.4731860095066,1777904581654
SENSOR-2,15.404361000841574,60.93517279990937,1777904582658
SENSOR-1,31.437536563887132,77.12175508724388,1777904582659
SENSOR-1,23.52339919056796,60.995063655100985,1777904583664
SENSOR-2,30.919741939513884,79.12273653534527,1777904583664
SENSOR-2,31.579050097709093,70.61976957170195,1777904584666
SENSOR-1,30.983027121361406,75.35226516512142,1777904584667
SENSOR-1,18.00608116337311,50.63518134595449,1777904585668
SENSOR-2,32.6101525934629,62.07205129412469,1777904585671
SENSOR-1,17.70391238794226,60.5719348967767,1777904586671
SENSOR-2,26.357889858990895,78.74389373781379,1777904586673
SENSOR-1,31.563861443847966,50.70518896928,1777904587674
SENSOR-2,28.553454492025057,43.978773866929416,1777904587675
SENSOR-1,21.57490364355244,78.93699441943957,1777904588675
SENSOR-2,22.391211572820804,71.07716128451523,1777904588677
SENSOR-1,26.350669645203933,55.83911606915716,1777904589681
SENSOR-2,32.874380973958935,66.95535284570498,1777904589681
SENSOR-1,26.632957563053253,56.73080587393511,1777904590682
SENSOR-2,33.736354772392694,42.6762311566919,1777904590686
SENSOR-1,32.790981856613016,64.78931808805368,1777904591687
SENSOR-2,15.580242897151109,55.920441968771016,1777904591691
SENSOR-1,15.32707115205297,72.2711248438468,1777904592692
SENSOR-2,18.990728104476382,54.57733253464033,1777904592696
SENSOR-1,19.759091734908942,63.44780408608278,1777904593694
SENSOR-2,24.107041102502208,76.88698525351577,1777904593700
SENSOR-1,18.18685192273288,56.889063859599084,1777904594700
SENSOR-2,28.914093562732642,78.09061283937353,1777904594702
SENSOR-1,22.789866589579052,75.6703365016453,1777904595704
SENSOR-2,24.283096283272187,50.60418534466212,1777904595704
SENSOR-1,30.685473666901594,41.9829106392273,1777904596710
SENSOR-2,33.10856968950759,56.70239791272185,1777904596710
SENSOR-1,17.050109436961826,68.14475858580974,1777904597710
SENSOR-2,23.843127979268033,60.09463049549729,1777904597710
SENSOR-2,31.984980431085187,64.22428740655131,1777904598716
SENSOR-1,24.035908838896663,70.43906094865443,1777904598716
SENSOR-2,24.84837157824409,47.38563958759983,1777904599718
SENSOR-1,19.47544022665705,67.45906702636361,1777904599722
SENSOR-2,30.02935160393122,72.71081409406739,1777904600724
SENSOR-1,32.14761246667739,43.25134624569491,1777904600727
SENSOR-1,22.7783797376004,70.68880895616014,1777904601729
SENSOR-2,32.71598437107474,77.74171151670967,1777904601726
SENSOR-1,23.08410744654052,75.95912936420655,1777904602739
SENSOR-2,24.29349741711856,64.80020479169679,1777904602739
SENSOR-2,29.033643077419793,58.96277671591797,1777904603749
SENSOR-1,22.959105852002327,45.23744997464698,1777904603750
SENSOR-1,20.10021237731673,74.56358759247443,1777904604752
SENSOR-2,28.068814340269775,72.51559702477422,1777904604752
SENSOR-1,21.501138247170772,79.32740856339692,1777904605758
SENSOR-2,32.9328883517106,78.82077077834694,1777904605758
SENSOR-1,24.700922308672713,46.87066657210023,1777904606765
SENSOR-2,23.862531618974266,78.19688233164328,1777904606764
SENSOR-1,23.609979394991264,41.453539566520696,1777904607770
SENSOR-2,31.517439112314424,45.4648318199514,1777904607769
SENSOR-2,22.08084930793209,53.11614987369842,1777904608774
SENSOR-1,32.15224730094627,62.74825916550142,1777904608775
SENSOR-2,33.69034147259775,43.63327763782797,1777904609780
SENSOR-1,34.65352245849958,55.27488105969267,1777904609780
SENSOR-2,32.23353044861476,55.46251545311319,1777904610784
SENSOR-1,18.4875786845043,45.57421875788288,1777904610786
SENSOR-2,33.696486639439584,73.76829447466847,1777904611790
SENSOR-1,18.38883290676099,55.83456759993741,1777904611791
SENSOR-2,32.00968532335344,61.76496080504977,1777904612792
SENSOR-1,17.291454526093652,77.19088021508153,1777904612797
SENSOR-2,20.794677228478943,61.63710815479298,1777904613796
SENSOR-1,22.610662616660562,63.6618631648808,1777904613800
SENSOR-1,34.40585508189741,69.9708225871245,1777904614802
SENSOR-2,26.234630582637788,64.45456883866771,1777904614802
SENSOR-2,19.696089411710105,52.82119666667704,1777904615802
SENSOR-1,20.53286928750176,75.22432375834283,1777904615803
SENSOR-1,29.192458792470077,62.13767814565595,1777904616808
SENSOR-2,22.50286946854,53.150411297968446,1777904616808
SENSOR-1,19.514668270007498,61.36218473266267,1777904617809
SENSOR-2,32.75361849801544,59.442949411496855,1777904617809
SENSOR-1,22.097560512017413,66.27484386134796,1777904618814
SENSOR-2,33.19239392643237,48.386112714798415,1777904618814
SENSOR-1,32.669445693779124,49.751098506541794,1777904619817
SENSOR-2,19.359270535727156,65.75694701441537,1777904619817
SENSOR-1,30.004633714535544,65.99402449617645,1777904620823
SENSOR-2,24.600663454193352,53.876946617286166,1777904620823
SENSOR-1,33.44462732196875,43.10344136557221,1777904621824
SENSOR-2,30.604405263109662,64.74088773765888,1777904621824
SENSOR-1,23.222810958408967,52.02458163315666,1777904622826
SENSOR-2,33.10277176510461,77.06014163575473,1777904622830
SENSOR-1,18.436885281410856,71.73244838401976,1777904623832
SENSOR-2,17.980294199493045,49.57897491841844,1777904623835
SENSOR-1,20.947822878145086,76.52375648674195,1777904624833
SENSOR-2,15.517478784258664,77.523857804501,1777904624837
SENSOR-1,29.50775384911433,77.26751022363858,1777904625833
SENSOR-2,33.74412173387556,61.93840878837875,1777904625843
SENSOR-1,15.645228455128454,63.19686238572124,1777904626836
SENSOR-2,16.27691954120053,79.073137127571,1777904626847
SENSOR-1,32.69048750963013,53.72302338830703,1777904627842
SENSOR-2,17.548200801128726,63.197415048961034,1777904627850
SENSOR-1,21.04404925756822,60.85562281825531,1777904628847
SENSOR-2,17.530982735919803,43.56393245561023,1777904628856
SENSOR-1,18.42979837574668,52.787252072095676,1777904629852
SENSOR-2,19.02784433208209,65.29108764064173,1777904629860
SENSOR-1,33.292190415396625,49.33189969474684,1777904630856
SENSOR-2,29.97749282038577,53.269115440189374,1777904630861
SENSOR-1,15.37187144665334,52.11171178719256,1777904631866
SENSOR-2,19.265976074602346,74.5991032585491,1777904631867
SENSOR-2,21.994488468107235,43.42321620424937,1777904632870
SENSOR-1,20.313334522121984,59.20310448180053,1777904632870
SENSOR-2,25.40023682877213,45.307197751092474,1777904633875
SENSOR-1,18.222852549189387,48.5456630280779,1777904633875
SENSOR-1,30.51825007220669,50.57465142866302,1777904634881
SENSOR-2,32.5610479281906,47.72541134132924,1777904634881
SENSOR-2,22.110978757284858,47.93211164435168,1777904635883
SENSOR-1,19.119774074301468,72.67435248318739,1777904635883
SENSOR-1,18.761756432674787,71.20387876879775,1777904636887
SENSOR-2,29.488268574110755,66.96313353410866,1777904636887
SENSOR-2,31.326218708242074,74.20749280071927,1777904637891
SENSOR-1,21.508672187826335,46.68370862083812,1777904637892
SENSOR-2,18.642166047062716,44.55145499523033,1777904638892
SENSOR-1,24.79986088775792,40.538932917834096,1777904638896
SENSOR-2,17.20225529295661,41.286098914439435,1777904639894
SENSOR-1,25.700427153945775,44.48826103032445,1777904639902
SENSOR-1,27.48986485418024,43.78514475410506,1777904640902
SENSOR-2,22.125404050258446,72.666229806631,1777904640900
SENSOR-2,17.286330818910386,66.22142156156661,1777904641906
SENSOR-1,26.07564066228738,41.22310749972917,1777904641908
SENSOR-2,23.79493781689296,58.78178600538609,1777904642908
SENSOR-1,16.5895187896043,68.90053275167013,1777904642913
SENSOR-2,22.740361495720954,75.94969275606314,1777904643909
SENSOR-1,31.335642549042042,58.61482747332225,1777904643913
SENSOR-2,29.027800992708222,54.80676852482446,1777904644910
SENSOR-1,33.249586223625926,79.46108827789095,1777904644915
SENSOR-2,30.602421552039644,58.50101341984078,1777904645915
SENSOR-1,31.2475044794486,43.41029829855443,1777904645921
SENSOR-2,22.307419032617812,49.644552425674455,1777904646920
SENSOR-1,30.157457325562554,67.62558695222705,1777904646922
SENSOR-2,29.28532190362292,67.92619436692954,1777904647922
SENSOR-1,26.006722264955243,57.95642346652528,1777904647928
SENSOR-2,30.98800025634673,50.887447209309826,1777904648926
SENSOR-1,32.77773834066073,73.96872526204874,1777904648930
SENSOR-2,34.85928193017713,68.43369081622404,1777904649933
SENSOR-1,27.641994834004464,55.187857884598635,1777904649934
SENSOR-1,24.24901540672186,54.74044775236348,1777904650936
SENSOR-2,16.504696419214717,52.48674984586197,1777904650936
SENSOR-2,30.13834600237093,42.48881558922007,1777904651942
SENSOR-1,16.812329806861364,54.693880716950716,1777904651941
SENSOR-1,28.234283085111613,42.14837069058479,1777904652947
SENSOR-2,15.332400019878182,42.62347514615595,1777904652947
SENSOR-1,32.89747161663999,52.19960062664235,1777904653951
SENSOR-2,31.18785359133661,53.135259648807605,1777904653952
SENSOR-2,21.156177802984423,69.63745342228314,1777904654955
SENSOR-1,26.385803044844792,79.54931673413436,1777904654957
SENSOR-1,30.458435689161156,41.71078506338858,1777904655959
SENSOR-2,16.592932494994532,62.556725396265136,1777904655960
SENSOR-1,20.07343788557203,40.97498430870405,1777904656960
SENSOR-2,17.001521706504377,73.75526177948551,1777904656965
SENSOR-1,30.945709455013127,67.7356260162017,1777904657966
SENSOR-2,23.675631643286895,66.90432048841384,1777904657970
SENSOR-1,29.638792651117292,63.20587587327967,1777904658975
SENSOR-2,31.48273597368156,68.4902791842079,1777904658975
SENSOR-2,22.820979158708255,71.67314865615053,1777904659986
SENSOR-1,34.958472058064935,54.41083720902525,1777904659990
SENSOR-2,26.862940843406168,77.97097480363493,1777904660992
SENSOR-1,18.675774884377464,48.646656165255635,1777904660992
SENSOR-2,26.169891887399626,42.41936327462319,1777904661993
SENSOR-1,17.408949014541836,79.02355351501693,1777904661993
SENSOR-2,28.27933501051408,45.086342089836975,1777904663001
SENSOR-1,15.701458173293364,58.54517402653629,1777904663001
SENSOR-1,25.62181686037522,49.33452471756111,1777904664003
SENSOR-2,30.159532594058522,62.36676024554447,1777904664007
SENSOR-2,33.2725083920444,40.22020450889865,1777904665008
SENSOR-1,21.06943264646388,48.63645593314838,1777904665008
SENSOR-2,32.73936334334058,71.45977910355691,1777904666014
SENSOR-1,18.69934311898429,47.27220510849665,1777904666014
SENSOR-1,33.0910868069716,63.08201581867645,1777904667019
SENSOR-2,18.668754806516027,41.47894388418267,1777904667019
SENSOR-1,25.408731046232358,75.9813697013371,1777904668025
SENSOR-2,25.563792576403085,70.6776332332528,1777904668025
SENSOR-1,24.068562055855363,57.61392433158394,1777904669032
SENSOR-2,27.899490838013214,44.699992541571966,1777904669032
SENSOR-1,17.398920172748515,72.87397056384013,1777904670035
SENSOR-2,19.059977511207727,70.93205266980047,1777904670037
SENSOR-1,24.306392859618285,49.08210778379175,1777904671040
SENSOR-2,16.00204688565102,55.16126210707674,1777904671042
SENSOR-1,34.72987713646536,68.24398697667456,1777904672043
SENSOR-2,33.99200427171854,67.62898688899983,1777904672044
SENSOR-1,30.157134078497595,46.142435651111676,1777904673049
SENSOR-2,31.831245482755314,52.794482791971554,1777904673049
SENSOR-2,26.990306510715428,49.982382384563664,1777904674053
SENSOR-1,21.498188037420498,77.17212093893897,1777904674055
SENSOR-2,27.421343952673492,68.83825929647124,1777904675058
SENSOR-1,20.76955149952837,44.61220424737773,1777904675058
SENSOR-2,29.487860328354532,68.42598995868664,1777904676064
SENSOR-1,30.768544877487166,71.86020728017687,1777904676064
SENSOR-2,22.97307099778948,64.2494200866164,1777904677067
SENSOR-1,27.446235654543287,71.0586903338437,1777904677067
SENSOR-1,20.071508742062683,72.19931040717512,1777904678069
SENSOR-2,29.60233420001495,43.976969976767315,1777904678070
SENSOR-1,29.380784501536496,69.47551048594711,1777904679071
SENSOR-2,22.60064807446637,78.82410012655149,1777904679076
SENSOR-1,21.403701436528934,54.289520288753025,1777904680076
SENSOR-2,34.7260367189985,70.16285214662614,1777904680078
SENSOR-2,30.758838209865853,44.86277555789718,1777904681081
SENSOR-1,30.032973501190778,68.44058955762247,1777904681081
SENSOR-1,32.967363752504696,49.793519725264716,1777904682084
SENSOR-2,18.93316332404231,71.13124299042964,1777904682086
SENSOR-1,19.51361855289006,59.938590121075016,1777904683087
SENSOR-2,22.180219783870648,50.34629045943213,1777904683089
SENSOR-2,23.78648687766706,78.81948219379464,1777904684092
SENSOR-1,23.812004228116454,53.42008399048499,1777904684092
SENSOR-1,30.089118198658127,46.0697373654341,1777904685093
SENSOR-2,29.188045797059118,53.97273002985818,1777904685095
SENSOR-1,27.091636453887965,51.49769362821691,1777904686097
SENSOR-2,23.723306818297186,77.56924691864734,1777904686100
SENSOR-1,24.27894122755053,46.156020277512795,1777904687101
SENSOR-2,29.4101988161784,58.03781323495684,1777904687101
SENSOR-1,22.82688652301424,71.51255008270385,1777904688101
SENSOR-2,27.923125009533646,56.32893684992569,1777904688106
SENSOR-1,18.007606403242782,64.29481781851159,1777904689107
SENSOR-2,24.204911675668086,55.024269557491955,1777904689111
SENSOR-2,29.407164082769768,46.59446830138212,1777904690113
SENSOR-1,16.86203857523176,70.6493132596047,1777904690113
SENSOR-1,34.885983984020335,56.19906083378322,1777904691115
SENSOR-2,33.51907772622338,79.89850348957893,1777904691115
SENSOR-2,29.09251313463043,68.4969239293018,1777904692120
SENSOR-1,29.13285378152868,50.786951646373396,1777904692120
SENSOR-2,16.43513358206091,62.495646809912884,1777904693126
SENSOR-1,31.93503102685188,44.2021079136055,1777904693126
SENSOR-2,17.621329606861146,57.95332701746375,1777904694131
SENSOR-1,31.411803186968935,48.0661681401692,1777904694131
SENSOR-1,31.92834999339246,70.5945672878022,1777904695134
SENSOR-2,18.32265209269503,43.006906732451256,1777904695134
SENSOR-2,31.008190342826435,44.554600735393265,1777904696136
SENSOR-1,22.373105779779145,77.05891380000564,1777904696136
SENSOR-2,25.29593812299622,48.465953792136204,1777904697142
SENSOR-1,23.01824214433643,51.99936331205345,1777904697142
SENSOR-2,27.496343253676073,52.87260416441501,1777904698147
SENSOR-1,16.120772341323303,72.7345666967921,1777904698147
SENSOR-2,34.589077051271914,49.26387578470157,1777904699153
SENSOR-1,22.423218089870954,41.28041505605609,1777904699153
SENSOR-2,22.48625360571341,49.12593730268772,1777904700158
SENSOR-1,29.248617255421955,47.8314279197655,1777904700158
SENSOR-2,25.49504658315307,42.105058701758914,1777904701164
SENSOR-1,27.69318504074729,78.5193373231026,1777904701164
SENSOR-2,25.997514534360807,70.65203570988271,1777904702166
SENSOR-1,21.051997069093723,68.90623167544061,1777904702166
SENSOR-2,19.675648945817212,79.44916193292704,1777904703168
SENSOR-1,16.431847057958947,78.88367217945986,1777904703168
SENSOR-1,31.68679646277287,51.24843910212989,1777904704171
SENSOR-2,32.84782966588266,57.39086100493166,1777904704171
SENSOR-2,31.93418436299221,65.36715748166421,1777904705176
SENSOR-1,23.34409830885792,62.749175255511574,1777904705177
SENSOR-2,19.58044463499128,52.59333741421068,1777904706176
SENSOR-1,33.871987190448465,61.010148368372725,1777904706179
SENSOR-1,22.089500074668152,42.22778378407742,1777904707180
SENSOR-2,32.952944372429606,43.87223911160715,1777904707182
SENSOR-1,25.15784885038335,72.316506827268,1777904708186
SENSOR-2,24.144054352770112,74.22546836940526,1777904708186
SENSOR-2,34.03275175585703,78.16918660655779,1777904709193
SENSOR-1,28.661198260060075,78.29193951349095,1777904709195
SENSOR-1,19.83272373591165,77.78559379979032,1777904710199
SENSOR-2,24.42686913895278,79.04690461898349,1777904710199
SENSOR-1,22.872919928445754,53.97499781924842,1777904711210
SENSOR-2,20.53193555460395,57.89861726349167,1777904711210
SENSOR-1,32.216973148631595,52.800773896370096,1777904712216
SENSOR-2,29.969185285496273,48.10052869307863,1777904712216
SENSOR-2,25.48728964295934,76.33534617434188,1777904713220
SENSOR-1,15.024977178337522,51.66651738577521,1777904713220
SENSOR-2,17.526449230629826,75.35743779793927,1777904714225
SENSOR-1,16.39356353752995,47.04261569429755,1777904714225
SENSOR-1,25.93347885648627,76.31030883234787,1777904715228
SENSOR-2,27.80970791679571,70.6328940234759,1777904715231
SENSOR-1,21.350509182768402,61.20150985957917,1777904716233
SENSOR-2,15.627477573911682,40.51954056434304,1777904716236
SENSOR-2,20.482359156262778,55.58899682745892,1777904717238
SENSOR-1,20.245235272924518,71.35214693632946,1777904717238
SENSOR-2,15.870135366428777,72.4897443196144,1777904718243
SENSOR-1,15.061166220759956,42.456196822932675,1777904718243
SENSOR-2,23.349409374467857,65.03979402048569,1777904719244
SENSOR-1,15.324126320555267,50.57314542842124,1777904719244
SENSOR-2,19.419442368798396,41.77759181418612,1777904720250
SENSOR-1,26.204168126245687,59.2174654978691,1777904720250
